4,9,7,8,6,1,3,5,2,
8,5,1,2,4,3,7,9,6,
6,3,2,9,5,7,1,8,4,
7,4,3,6,2,5,8,1,9,
2,1,5,3,8,9,4,6,7,
9,8,6,7,1,4,2,3,5,
5,7,0,4,3,8,6,2,1,
1,6,0,5,7,2,9,4,3,
3,2,0,0,9,6,5,7,8

4,0,0,0,6,0,0,5,2,
0,5,0,0,4,0,7,0,0,
6,3,2,0,0,0,1,8,0,
0,0,0,0,0,5,8,1,0,
2,0,0,0,0,0,0,6,7,
0,0,6,0,1,0,0,3,5,
5,7,0,4,3,0,6,2,0,
1,6,0,0,7,0,9,0,0,
0,0,0,1,0,0,0,0,0
          
//hard difficulty
0,0,9,8,0,4,0,2,0,
0,6,0,0,0,0,0,5,0,
0,2,3,0,0,0,1,0,0,
0,0,0,0,0,0,0,6,0,
3,5,0,0,0,7,0,0,0,
0,0,0,0,8,0,9,1,0,
6,0,0,0,0,0,0,8,5,
0,0,8,6,0,2,0,9,0,
7,0,0,0,0,0,0,0,0

0,5,9,0,6,2,0,0,0,
8,0,6,0,0,0,0,2,0,
0,0,0,9,0,8,7,6,3,
0,9,0,8,0,0,0,7,6,
1,0,8,0,0,5,0,9,0,
4,0,7,0,0,0,0,0,0,
0,0,1,6,7,0,4,0,0,
6,0,0,0,0,1,3,0,9,
9,0,5,2,8,0,0,0,7
